1107
1185
1201
1232
1248
1279
1310
1341
1435
1466
1482
1529
1544
1591
1607
1622
1653
1669
1700
1763
1778
1794
1809
1841
1856
1887
1903
1919
1950
1965
1981
1997
2028
2043
2059
2090
2121
2153
2168
2215
2215
2246
2293
2324
2340
2371
2387
2418
2433
2449
2465
2480
2527
16
31
62
78
109
125
156
187
203
234
265
281
312
343
359
390
406
437
437
484
593
608
640
655
702
718
749
764
796
811
842
858
874
905
920
936
952
983
998
1014
1030
1045
1061
1092
1108
1123
1139
1154
1170
1186
1201
1232
1279
1295
1310
1342
1357
1373
1388
1404
1420
1451
1466
1482
1498
1513
16
31
47
78
94
109
125
141
156
172
187
219
234
250
265
281
297
312
343
359
375
390
406
421
437
468
484
499
546
562
577
593
609
624
640
655
671
702
718
733
749
780
811
843
858
874
889
905
921
952
1014
1030
1045
1061
1077
1092
1108
1123
1139
1170
1186
1201
1264
1311
1342
1357
1389
1420
1435
1451
1467
1482
1498
1529
16
31
47
62
78
94
109
140
156
187
203
234
250
281
312
328
343
359
374
390
421
437
468
484
515
530
546
562
577
593
624
640
671
686
702
733
749
780
796
827
842
858
889
905
920
936
967
983
998
1014
1030
1061
1076
1092
1108
1123
1154
1170
1186
1201
1264
1279
1310
1326
1342
1373
1404
1420
1482
1498
1513
21.7727 1.68288 -300.398
-10.978 1.31933 -292.638
81.5737 184.755 344.288
-419.624 82.5539 -89.8936
86.397 14.6133 -46.2303
352.764 32.2336 158.627
59.323 0.725419 -278.066
-120.657 13.6665 -342.417
-138.073 15.1027 -355.026
