-340.156 -1.40727 -0.0067964
-340.156 -1.40727 -0.00679435
-340.156 -1.40727 -0.00679235
-340.156 -1.40727 -0.00679033
-340.156 -1.40728 -0.00678832
-340.156 -1.40728 -0.00678633
-340.156 -1.40728 -0.00678439
-340.156 -1.40728 -0.00678241
-340.156 -1.40728 -0.00678043
-340.156 -1.40728 -0.00677841
-340.156 -1.40728 -0.00677644
-340.156 -1.40728 -0.00677449
-341.154 -1.38678 50.1166
-341.154 -1.38678 50.1166
-341.154 -1.38678 50.1166
-341.154 -1.38678 50.1166
-341.154 -1.38678 50.1166
-341.154 -1.38678 50.1166
-341.154 -1.38678 50.1166
-341.154 -1.38678 50.1166
-341.154 -1.38678 50.1166
-341.154 -1.38678 50.1166
-341.154 -1.38678 50.1166
-341.154 -1.38678 50.1166
-348.835 1.09878 110.92
-348.835 1.10391 110.924
-348.835 1.10782 110.926
-348.835 1.11087 110.927
-348.835 1.11329 110.927
-348.835 1.11521 110.926
-348.835 1.11675 110.926
-348.835 1.11799 110.925
-348.835 1.11898 110.925
-348.835 1.11977 110.924
-359.34 -1.26304 173.804
-359.34 -1.26304 173.804
-359.34 -1.26304 173.804
-359.34 -1.26304 173.804
-359.34 -1.26304 173.804
-359.34 -1.26304 173.804
-359.34 -1.26304 173.804
-359.34 -1.26304 173.804
-359.34 -1.26304 173.804
-359.34 -1.26304 173.804
-359.34 -1.26304 173.804
-359.34 -1.26304 173.804
-369.864 -1.23717 231.027
-369.864 -1.23717 231.027
-369.864 -1.23717 231.027
-369.864 -1.23717 231.027
-369.864 -1.23717 231.027
-369.864 -1.23717 231.027
-369.864 -1.23717 231.027
-369.864 -1.23717 231.027
-369.864 -1.23717 231.027
-369.864 -1.23717 231.027
-369.864 -1.23718 231.027
-370.705 -1.21345 256.23
-370.705 -1.21345 256.23
-370.705 -1.21345 256.23
-370.705 -1.21345 256.23
-370.705 -1.21345 256.23
-370.705 -1.21345 256.23
-370.705 -1.21345 256.23
-370.705 -1.21345 256.23
-370.705 -1.21345 256.23
-370.705 -1.21345 256.23
-370.705 -1.21345 256.23
-370.705 -1.21345 256.23
-370.705 -1.21346 256.23
-370.705 -1.21346 256.23
-370.705 -1.21346 256.23
-370.705 -1.21346 256.23
-370.705 -1.21346 256.23
-368.517 -1.21374 294.513
-368.517 -1.21374 294.513
-368.517 -1.21374 294.513
-368.517 -1.21374 294.513
-368.517 -1.21374 294.513
-368.517 -1.21374 294.513
-368.517 -1.21374 294.513
-368.517 -1.21374 294.513
-368.517 -1.21374 294.513
-368.517 -1.21374 294.513
-361.077 -1.21129 317.212
-361.077 -1.21129 317.212
-361.077 -1.21129 317.212
-361.077 -1.21129 317.212
-361.077 -1.21129 317.212
-361.077 -1.21129 317.212
-361.077 -1.21129 317.212
-361.077 -1.21129 317.212
-361.077 -1.20851 317.212
-361.078 -1.20903 317.212
-361.078 -1.20945 317.212
-361.078 -1.20979 317.212
-361.078 -1.21007 317.212
-331.526 -1.07737 348.748
-331.528 -1.0771 348.748
-331.529 -1.07683 348.748
-331.53 -1.07658 348.748
-331.531 -1.07637 348.749
-331.531 -1.07619 348.749
-331.531 -1.07604 348.749
-331.531 -1.07592 348.749
-292.269 -1.18537 384.205
-292.269 -1.18537 384.205
-292.269 -1.18537 384.205
-292.269 -1.18537 384.205
-292.269 -1.18537 384.205
-292.269 -1.18537 384.205
-292.269 -1.18537 384.205
-292.269 -1.18259 384.205
-292.269 -1.18311 384.205
-292.269 -1.18353 384.205
-292.269 -1.18387 384.205
-292.269 -1.18415 384.205
-292.269 -1.18438 384.205
-245.729 -1.20232 406.027
-245.729 -1.20232 406.027
-245.729 -1.20232 406.028
-245.729 -1.20232 406.028
-245.729 -1.20232 406.028
-245.729 -1.20232 406.028
-245.729 -1.20232 406.028
-245.729 -1.20232 406.028
-245.729 -1.20232 406.028
-245.729 -1.20232 406.028
-245.729 -1.20232 406.028
-150.552 -1.42159 428.553
-150.552 -1.42182 428.553
-150.552 -1.42186 428.553
-150.552 -1.42186 428.553
-150.552 -1.41914 428.553
-150.552 -1.41967 428.553
-150.552 -1.4201 428.553
-150.552 -1.42046 428.553
-150.552 -1.42075 428.553
-150.552 -1.42098 428.553
-150.552 -1.42117 428.553
-150.552 -1.42133 428.553
-150.552 -1.42146 428.553
-150.552 -1.42156 428.554
-92.5003 -1.38711 382.658
-92.5003 -1.38715 382.658
-92.5003 -1.38718 382.658
-92.5002 -1.38721 382.658
-92.5002 -1.38723 382.658
-92.5002 -1.38724 382.658
-92.5001 -1.38726 382.658
-92.5001 -1.38727 382.658
-92.5001 -1.38728 382.658
-92.5 -1.38729 382.658
-92.5 -1.38729 382.658
-92.5 -1.3873 382.658
-86.3125 -1.28605 343.359
-86.3124 -1.28605 343.359
-86.3124 -1.28606 343.359
-86.3123 -1.28606 343.359
-86.3123 -1.28606 343.359
-86.3123 -1.28607 343.359
-86.3122 -1.28607 343.359
-86.3122 -1.28607 343.359
-88.4164 -1.23146 288.545
-88.4164 -1.23148 288.545
-88.4163 -1.23149 288.545
-88.4163 -1.23151 288.545
-88.4162 -1.23152 288.545
-88.4162 -1.23152 288.545
-88.4162 -1.23153 288.545
-88.4161 -1.23153 288.545
-88.4161 -1.23154 288.545
-88.4161 -1.23154 288.545
-88.416 -1.23155 288.545
-88.416 -1.23155 288.545
-88.4159 -1.23155 288.545
-88.4159 -1.23155 288.545
-88.4159 -1.23155 288.545
-88.4158 -1.23155 288.545
-88.4158 -1.23156 288.545
-88.4157 -1.23156 288.545
-88.4157 -1.23156 288.545
-108.272 -1.28003 227.842
-108.272 -1.28003 227.842
-108.272 -1.28003 227.842
-108.272 -1.28003 227.842
-108.272 -1.28003 227.842
-108.272 -1.28003 227.842
-108.272 -1.28003 227.842
-108.272 -1.28003 227.842
-108.272 -1.28004 227.842
-108.272 -1.28004 227.842
-108.272 -1.28004 227.842
-108.272 -1.28004 227.842
-108.272 -1.28004 227.842
-139.488 4.14938 190.68
-139.489 4.14807 190.679
-139.489 4.14696 190.679
-139.49 4.14604 190.679
-139.49 4.14528 190.679
-139.49 4.14465 190.679
-139.49 4.14413 190.679
-139.489 4.1437 190.679
-139.489 4.14335 190.68
-139.489 4.14305 190.68
-139.489 4.14281 190.68
-139.489 4.14261 190.68
-139.489 4.14244 190.68
-139.489 4.1423 190.681
-139.489 4.14218 190.681
-159.529 0.620099 153.092
-159.529 0.613554 153.09
-159.529 0.608506 153.089
-159.529 0.60451 153.088
-159.529 0.601288 153.088
-159.53 0.598655 153.087
-159.53 0.596481 153.087
-159.53 0.59467 153.087
-159.53 0.59315 153.086
-159.53 0.591865 153.086
-159.53 0.590769 153.085
-159.53 0.589828 153.085
-159.531 0.589011 153.084
-159.531 0.588297 153.084
-159.531 0.587666 153.083
-159.531 0.587103 153.083
-159.532 0.586595 153.082
-159.532 0.586131 153.081
-174.48 -1.3587 91.8436
-174.484 -1.3593 91.8432
-174.486 -1.35972 91.843
-174.488 -1.36002 91.8429
-174.489 -1.36025 91.8429
-174.489 -1.36042 91.8429
-174.49 -1.36056 91.8429
-174.49 -1.36067 91.8429
-174.49 -1.36077 91.843
-174.491 -1.36085 91.843
-174.491 -1.36092 91.8431
-174.491 -1.36097 91.8431
-174.491 -1.36103 91.8432
-174.492 -1.36107 91.8432
-174.492 -1.36112 91.8433
-174.492 -1.36116 91.8433
-174.492 -1.36119 91.8434
-174.492 -1.36123 91.8434
-165.454 -1.43067 27.2923
-165.454 -1.43064 27.2923
-165.454 -1.43062 27.2923
-165.454 -1.4306 27.2923
-165.454 -1.43058 27.2924
-165.454 -1.43057 27.2924
-165.454 -1.43056 27.2924
-165.454 -1.43056 27.2924
-165.454 -1.43055 27.2924
-165.454 -1.43054 27.2924
-138.508 -1.42941 -8.75224
-138.508 -1.42942 -8.75208
-138.508 -1.42942 -8.75208
-138.508 -1.42109 -8.75193
-138.508 -1.42263 -8.75191
-138.507 -1.42389 -8.7519
-138.507 -1.42491 -8.75188
-138.507 -1.42575 -8.75187
-138.507 -1.42643 -8.75185
-138.507 -1.42698 -8.75183
-107.074 -1.45112 -31.2612
-107.074 -1.45112 -31.2612
-107.074 -1.45113 -31.2611
-107.074 -1.45113 -31.2611
-107.074 -1.45113 -31.2611
-107.074 -1.45113 -31.2611
-107.074 -1.45113 -31.261
-107.074 -1.45113 -31.261
-107.074 -1.45113 -31.261
-107.074 -1.45113 -31.2609
-107.074 -1.45113 -31.2609
-107.074 -1.45113 -31.2607
-67.3196 -1.50298 -43.6253
-67.3196 -1.50299 -43.6252
-67.3196 -1.50299 -43.6252
-67.3196 -1.503 -43.6252
-67.3196 -1.50303 -43.6249
-67.3196 -1.50303 -43.6249
-67.3196 -1.50303 -43.6249
-67.3195 -1.50303 -43.6248
-67.3195 -1.50303 -43.6248
-67.3195 -1.50303 -43.6248
-67.3195 -1.50303 -43.6247
-67.3195 -1.50303 -43.6247
-27.6063 -1.36145 -47.42
-27.6064 -1.36126 -47.4247
-27.6064 -1.36103 -47.4273
-27.6065 -1.3608 -47.4289
-27.6065 -1.36058 -47.4299
-27.6065 -1.3604 -47.4306
-27.6066 -1.36025 -47.431
-27.6066 -1.36012 -47.4314
-27.6067 -1.36002 -47.4317
-27.6067 -1.35994 -47.4319
-27.6068 -1.35988 -47.4322
-27.6068 -1.35984 -47.4324
-27.6069 -1.3598 -47.4327
-27.6069 -1.35978 -47.4329
-27.607 -1.35977 -47.4331
-4.74186 -1.4208 -43.967
-4.74125 -1.42411 -43.9631
-4.74101 -1.42693 -43.9609
-4.74091 -1.4293 -43.9596
-4.74086 -1.43127 -43.9589
-4.74083 -1.43291 -43.9585
-4.74079 -1.43425 -43.9583
-4.74074 -1.43537 -43.9582
-4.74069 -1.43628 -43.9582
-4.74063 -1.43703 -43.9582
-4.74056 -1.43765 -43.9582
-4.74049 -1.43816 -43.9582
-4.74042 -1.43858 -43.9582
-4.74034 -1.43892 -43.9583
17.8548 -1.40189 -21.894
17.8548 -1.40172 -21.8941
17.8547 -1.40159 -21.8942
17.8547 -1.40149 -21.8942
17.8546 -1.4014 -21.8942
17.8546 -1.40133 -21.8942
17.8545 -1.40127 -21.8942
17.8545 -1.40122 -21.8942
17.8545 -1.40119 -21.8942
17.8544 -1.40116 -21.8942
17.8544 -1.40113 -21.8942
17.8544 -1.40111 -21.8942
17.8543 -1.40109 -21.8942
17.8543 -1.40108 -21.8942
17.8542 -1.40107 -21.8942
18.947 -1.33212 9.17869
18.9469 -1.33214 9.17868
18.9469 -1.33216 9.17867
18.9468 -1.3322 9.17863
18.9468 -1.33221 9.17862
18.9467 -1.33221 9.17861
18.9467 -1.33222 9.1786
18.9467 -1.33222 9.17859
18.9466 -1.33222 9.17858
18.9466 -1.33223 9.17857
18.9466 -1.33223 9.17856
18.9465 -1.33223 9.17855
18.9465 -1.33223 9.17854
18.9464 -1.33223 9.17853
18.9464 -1.33223 9.17852
18.9464 -1.33223 9.17851
9.06742 -1.34121 36.9151
9.06739 -1.34121 36.9151
9.06736 -1.34121 36.9151
9.06732 -1.34121 36.9151
9.06729 -1.34121 36.915
9.06726 -1.34121 36.915
9.06722 -1.34121 36.915
9.06719 -1.34121 36.915
9.06715 -1.34121 36.915
9.06695 -1.34121 36.9149
9.06692 -1.34121 36.9149
9.06689 -1.34122 36.9149
-8.64993 -1.32238 77.7297
-8.64995 -1.32238 77.7297
-8.64998 -1.32238 77.7297
-8.65 -1.32238 77.7297
-8.65003 -1.32238 77.7296
-8.65006 -1.32238 77.7296
-8.65009 -1.32238 77.7296
-8.65013 -1.32238 77.7296
-8.65016 -1.32238 77.7296
-8.65019 -1.32238 77.7296
-8.65022 -1.32238 77.7296
-8.65025 -1.32238 77.7295
-8.65028 -1.32238 77.7295
-8.65031 -1.32238 77.7295
-8.65034 -1.32238 77.7295
-8.65038 -1.32238 77.7295
-8.65041 -1.32238 77.7295
-8.65044 -1.32238 77.7294
-8.65047 -1.32238 77.7294
-22.5363 -1.26145 112.345
-22.5364 -1.26149 112.345
-22.5364 -1.26149 112.345
-22.5364 -1.2615 112.345
-22.5365 -1.2615 112.345
-22.5365 -1.2615 112.345
-22.5365 -1.26151 112.345
-22.5366 -1.26151 112.345
-22.5366 -1.26151 112.345
-22.5366 -1.26151 112.345
-22.5367 -1.26151 112.345
-22.5367 -1.26151 112.345
-22.5367 -1.26151 112.345
-22.5368 -1.26152 112.345
-22.5368 -1.26152 112.345
-28.4043 -1.21469 149.69
-28.4044 -1.21471 149.69
-28.4044 -1.21472 149.69
-28.4044 -1.21474 149.69
-28.4045 -1.21475 149.69
-28.4045 -1.21476 149.69
-28.4045 -1.21476 149.69
-28.4046 -1.21477 149.69
-28.4046 -1.21477 149.69
-28.4047 -1.21478 149.69
-28.4047 -1.21478 149.69
-28.4047 -1.21478 149.69
-28.4048 -1.21479 149.69
-28.4048 -1.21479 149.69
-17.835 -1.23394 180.129
-17.8349 -1.23394 180.129
-17.8349 -1.23394 180.129
-17.8349 -1.23393 180.129
-17.8349 -1.23393 180.129
-17.8349 -1.23393 180.129
-17.8349 -1.23393 180.129
-17.8349 -1.23393 180.129
-17.8349 -1.23393 180.129
-17.8349 -1.23392 180.129
-17.8349 -1.23392 180.129
-17.8349 -1.23392 180.129
-17.8349 -1.23392 180.129
-17.835 -1.23392 180.129
-17.835 -1.23392 180.129
-17.835 -1.23392 180.129
-17.835 -1.23392 180.13
-17.835 -1.23392 180.13
7.84248 -1.29272 184.116
7.84249 -1.29273 184.116
7.8425 -1.29273 184.116
7.84251 -1.29273 184.116
7.84251 -1.29273 184.116
7.84252 -1.29274 184.116
7.84253 -1.29274 184.116
7.84254 -1.29274 184.116
7.84254 -1.29274 184.116
7.84255 -1.29274 184.116
7.84256 -1.29274 184.116
7.84257 -1.29274 184.116
7.84257 -1.29275 184.116
7.84258 -1.29275 184.116
58.6579 -1.30328 163.976
58.6579 -1.30331 163.976
58.6579 -1.30333 163.976
58.6579 -1.30334 163.976
58.658 -1.30336 163.976
58.658 -1.30337 163.976
58.658 -1.30338 163.976
58.658 -1.30339 163.976
58.658 -1.30339 163.976
58.6581 -1.3034 163.976
58.6581 -1.3034 163.977
58.6581 -1.30341 163.977
58.6581 -1.30341 163.977
58.6581 -1.30341 163.977
58.6581 -1.30342 163.977
58.6582 -1.30342 163.977
58.6582 -1.30342 163.977
99.8145 -1.34059 138.437
99.8146 -1.34059 138.437
99.8146 -1.34059 138.437
99.8146 -1.34059 138.437
99.8146 -1.34059 138.437
99.8147 -1.34059 138.437
99.8147 -1.34059 138.437
99.8147 -1.34059 138.438
99.8147 -1.34059 138.438
99.8147 -1.34059 138.438
99.8148 -1.34059 138.438
99.8148 -1.3406 138.438
99.8148 -1.3406 138.438
99.8148 -1.3406 138.438
99.8149 -1.3406 138.438
99.8149 -1.3406 138.438
99.8149 -1.3406 138.438
99.8149 -1.3406 138.438
148.345 -1.41601 110.116
148.345 -1.41601 110.116
148.345 -1.41601 110.116
148.345 -1.41601 110.116
148.345 -1.41601 110.116
148.345 -1.41602 110.116
148.345 -1.41602 110.116
148.345 -1.41602 110.116
148.345 -1.41602 110.116
148.345 -1.41602 110.116
148.345 -1.41602 110.116
148.345 -1.41602 110.116
148.345 -1.41602 110.116
148.345 -1.41602 110.116
184.953 -1.45466 95.1603
184.953 -1.45465 95.1603
184.953 -1.45465 95.1604
184.953 -1.45464 95.1604
184.953 -1.45464 95.1605
184.953 -1.45463 95.1605
184.953 -1.45463 95.1605
184.953 -1.45463 95.1606
184.953 -1.45463 95.1606
184.953 -1.45463 95.1606
184.953 -1.45462 95.1607
184.953 -1.45462 95.1607
184.953 -1.45462 95.1608
184.953 -1.45462 95.1608
210.738 -1.46179 97.0369
210.738 -1.46182 97.037
210.738 -1.46185 97.037
210.738 -1.46188 97.037
210.738 -1.46189 97.0371
210.738 -1.46191 97.0371
210.738 -1.46192 97.0371
210.738 -1.46193 97.0372
210.738 -1.46194 97.0372
210.738 -1.46195 97.0372
210.738 -1.46196 97.0372
210.738 -1.46196 97.0373
210.738 -1.46197 97.0373
210.738 -1.46197 97.0373
210.737 -1.46197 97.0374
233.871 -1.456 122.583
233.871 -1.456 122.583
233.871 -1.456 122.583
233.871 -1.45601 122.583
233.871 -1.45601 122.583
233.871 -1.45601 122.583
233.871 -1.45601 122.583
233.871 -1.45601 122.583
233.871 -1.45601 122.583
233.871 -1.45601 122.583
233.871 -1.45601 122.583
233.871 -1.45601 122.583
233.871 -1.45601 122.583
233.871 -1.45601 122.583
233.871 -1.45601 122.583
233.871 -1.45601 122.583
262.315 -1.37049 156.338
262.315 -1.37049 156.338
262.315 -1.37049 156.338
262.315 -1.37049 156.338
262.315 -1.37049 156.338
262.315 -1.37049 156.338
262.315 -1.37049 156.338
262.315 -1.37049 156.338
262.315 -1.37049 156.338
262.315 -1.37049 156.338
262.315 -1.37049 156.338
262.315 -1.37049 156.338
262.315 -1.37049 156.338
262.315 -1.37049 156.338
262.315 -1.37049 156.338
262.315 -1.37049 156.338
307.716 -1.26606 195.34
307.716 -1.26612 195.34
307.716 -1.26617 195.34
307.716 -1.26621 195.34
307.716 -1.26624 195.34
307.716 -1.26627 195.341
307.716 -1.26629 195.341
307.716 -1.26631 195.341
307.716 -1.26632 195.341
307.716 -1.26633 195.341
307.716 -1.26634 195.341
307.716 -1.26635 195.341
307.716 -1.26636 195.341
307.716 -1.26637 195.341
307.716 -1.26637 195.341
335.467 -1.19464 202.783
335.468 -1.19485 202.783
335.468 -1.19501 202.783
335.468 -1.19515 202.783
335.468 -1.19526 202.783
335.468 -1.19535 202.783
335.468 -1.19542 202.783
335.468 -1.19548 202.783
335.468 -1.19553 202.783
335.468 -1.19557 202.783
335.468 -1.1956 202.783
335.468 -1.19563 202.783
335.468 -1.19565 202.784
335.468 -1.19567 202.784
361.033 -1.19156 195
361.033 -1.19156 195
361.033 -1.19155 195
361.033 -1.19155 195.001
361.033 -1.19155 195.001
361.033 -1.19155 195.001
361.033 -1.19154 195.001
361.033 -1.19154 195.001
361.033 -1.19154 195.001
361.033 -1.19154 195.001
361.033 -1.19154 195.001
361.033 -1.19154 195.001
374.555 -1.2198 183.041
374.555 -1.2198 183.041
374.555 -1.21981 183.041
374.555 -1.21981 183.041
374.555 -1.21981 183.041
374.555 -1.21981 183.041
374.555 -1.21981 183.041
374.555 -1.21981 183.041
374.555 -1.21981 183.041
374.555 -1.21981 183.041
374.555 -1.21981 183.041
374.555 -1.21981 183.041
374.555 -1.21981 183.041
374.555 -1.21981 183.042
374.555 -1.21981 183.042
392.919 -1.23869 152.991
392.919 -1.23869 152.991
392.919 -1.23869 152.991
392.919 -1.2387 152.991
392.919 -1.2387 152.991
392.919 -1.2387 152.991
392.919 -1.2387 152.991
392.919 -1.2387 152.991
392.919 -1.2387 152.991
392.919 -1.2387 152.991
392.919 -1.2387 152.991
392.919 -1.2387 152.991
392.919 -1.2387 152.991
392.919 -1.23871 152.991
392.919 -1.23871 152.991
392.919 -1.23871 152.991
412.753 -1.28998 102.144
412.749 -1.25796 102.144
412.75 -1.25324 102.144
412.75 -1.25324 102.144
412.751 -1.24275 102.144
412.751 -1.24084 102.144
412.751 -1.23928 102.144
412.751 -1.23801 102.144
412.751 -1.23697 102.144
412.751 -1.23613 102.144
412.751 -1.23544 102.144
412.751 -1.23488 102.144
412.751 -1.23442 102.144
412.751 -1.23405 102.144
412.751 -1.23375 102.144
412.751 -1.2335 102.144
423.643 -1.15115 49.2982
423.643 -1.15115 49.2983
423.643 -1.15115 49.2983
423.643 -1.15115 49.2983
423.643 -1.15115 49.2983
423.643 -1.15115 49.2983
423.643 -1.15115 49.2983
423.643 -1.15115 49.2983
423.643 -1.15115 49.2983
423.643 -1.14838 49.2984
423.643 -1.14889 49.2984
423.643 -1.14931 49.2984
423.643 -1.14965 49.2984
423.643 -1.14993 49.2984
423.643 -1.15016 49.2984
423.643 -1.15034 49.2984
434.71 -1.05838 -20.3496
434.71 -1.06057 -20.3492
434.711 -1.06233 -20.349
434.711 -1.06377 -20.3489
434.711 -1.06493 -20.3488
434.711 -1.06588 -20.3488
434.711 -1.06666 -20.3487
434.711 -1.0673 -20.3487
434.711 -1.06782 -20.3486
434.712 -1.06825 -20.3486
434.712 -1.0686 -20.3485
434.712 -1.06889 -20.3485
434.712 -1.06913 -20.3485
434.712 -1.06933 -20.3484
434.712 -1.0695 -20.3484
434.712 -1.06963 -20.3483
429.083 -1.20507 -103.54
429.083 -1.20505 -103.54
429.083 -1.20504 -103.54
429.083 -1.20503 -103.54
429.083 -1.20502 -103.54
429.083 -1.20502 -103.54
429.084 -1.20501 -103.54
429.084 -1.20501 -103.54
429.084 -1.205 -103.54
429.084 -1.205 -103.54
429.084 -1.205 -103.54
429.084 -1.205 -103.54
429.084 -1.205 -103.54
429.084 -1.205 -103.54
400.893 -1.22853 -165.571
400.893 -1.22853 -165.571
400.893 -1.22853 -165.571
400.893 -1.22853 -165.571
400.893 -1.22853 -165.571
400.893 -1.22853 -165.571
400.893 -1.22854 -165.571
400.893 -1.22854 -165.571
400.893 -1.22854 -165.571
400.893 -1.22854 -165.571
400.893 -1.22854 -165.571
400.893 -1.22854 -165.571
400.893 -1.22854 -165.571
400.893 -1.22854 -165.572
400.893 -1.22854 -165.572
345.642 -1.26849 -246.767
345.642 -1.26849 -246.767
345.642 -1.26849 -246.767
345.642 -1.26849 -246.767
345.642 -1.26849 -246.767
345.642 -1.26849 -246.767
345.642 -1.26849 -246.767
345.642 -1.26849 -246.767
345.642 -1.26849 -246.767
345.642 -1.26849 -246.767
345.642 -1.26849 -246.767
345.642 -1.2685 -246.767
345.642 -1.2685 -246.767
345.643 -1.2685 -246.767
345.643 -1.2685 -246.767
345.643 -1.2685 -246.767
345.643 -1.2685 -246.767
345.643 -1.2685 -246.767
345.643 -1.2685 -246.767
345.643 -1.2685 -246.767
314.661 -1.22978 -277.931
314.661 -1.22994 -277.931
314.661 -1.23007 -277.931
314.661 -1.23018 -277.931
314.661 -1.23027 -277.931
314.661 -1.23035 -277.931
314.661 -1.23041 -277.931
314.662 -1.23046 -277.931
314.662 -1.23049 -277.931
314.662 -1.23053 -277.931
314.662 -1.23055 -277.932
314.662 -1.23058 -277.932
314.662 -1.23059 -277.932
314.662 -1.23061 -277.932
314.662 -1.23062 -277.932
314.662 -1.23063 -277.932
314.662 -1.23064 -277.932
314.662 -1.23064 -277.932
314.662 -1.23065 -277.932
260.889 -1.4788 -348.85
260.889 -1.4788 -348.85
260.889 -1.4788 -348.85
260.889 -1.4788 -348.85
260.889 -1.4788 -348.85
260.889 -1.4788 -348.85
260.889 -1.4788 -348.85
260.889 -1.4788 -348.85
260.889 -1.4788 -348.85
260.889 -1.47881 -348.85
212.121 -1.40177 -368.86
212.122 -1.40177 -368.86
212.122 -1.40178 -368.86
212.122 -1.40178 -368.86
212.122 -1.40178 -368.861
212.122 -1.40178 -368.861
212.122 -1.40178 -368.861
212.122 -1.40178 -368.861
212.122 -1.40178 -368.861
212.122 -1.40178 -368.861
212.122 -1.40178 -368.861
165.737 -1.34888 -379.53
165.737 -1.34888 -379.53
165.737 -1.34888 -379.53
165.737 -1.34888 -379.53
165.737 -1.34888 -379.53
165.737 -1.34888 -379.53
165.737 -1.34888 -379.53
165.737 -1.34888 -379.53
165.737 -1.34888 -379.53
165.737 -1.34888 -379.53
165.737 -1.34888 -379.53
165.737 -1.34888 -379.53
165.737 -1.34888 -379.53
165.737 -1.34888 -379.53
165.737 -1.34888 -379.53
165.737 -1.34888 -379.53
165.737 -1.34888 -379.53
165.737 -1.34888 -379.53
165.737 -1.34888 -379.53
165.737 -1.34888 -379.53
165.737 -1.34888 -379.531
165.737 -1.34888 -379.531
165.737 -1.34888 -379.531
165.737 -1.34888 -379.531
165.737 -1.34888 -379.531
165.737 -1.34888 -379.531
115.854 -1.29455 -366.905
115.854 -1.29455 -366.905
115.854 -1.29454 -366.905
115.854 -1.29454 -366.905
115.854 -1.29453 -366.905
115.854 -1.29453 -366.905
115.854 -1.29453 -366.905
115.854 -1.29452 -366.905
115.854 -1.29452 -366.905
115.854 -1.29452 -366.905
115.854 -1.29452 -366.905
115.854 -1.29452 -366.905
115.854 -1.29452 -366.905
115.854 -1.29452 -366.905
115.854 -1.29452 -366.905
115.854 -1.29452 -366.905
115.854 -1.29452 -366.905
115.854 -1.29452 -366.905
115.854 -1.29452 -366.905
115.854 -1.29452 -366.905
115.853 -1.29452 -366.905
115.853 -1.29452 -366.905
115.853 -1.29452 -366.905
115.853 -1.29452 -366.905
88.8162 -1.24764 -334.816
88.8161 -1.24758 -334.816
88.8161 -1.24754 -334.816
88.8161 -1.2475 -334.816
88.816 -1.24747 -334.816
88.816 -1.24745 -334.816
88.816 -1.24743 -334.816
88.8159 -1.24742 -334.816
88.8159 -1.2474 -334.816
88.8159 -1.24739 -334.816
88.8158 -1.24739 -334.816
88.8158 -1.24738 -334.816
88.8158 -1.24737 -334.816
88.8158 -1.24737 -334.816
88.8157 -1.24737 -334.816
88.8157 -1.24736 -334.816
88.8157 -1.24736 -334.816
61.383 -1.4091 -302.341
61.383 -1.40906 -302.341
61.383 -1.40902 -302.341
61.383 -1.40899 -302.341
61.383 -1.40896 -302.341
61.3829 -1.40895 -302.341
61.3829 -1.40893 -302.341
61.3829 -1.40892 -302.341
61.3829 -1.40891 -302.341
61.3828 -1.4089 -302.341
61.3828 -1.40889 -302.341
61.3828 -1.40889 -302.341
61.3827 -1.40888 -302.341
61.3827 -1.40888 -302.341
61.3827 -1.40888 -302.342
61.3826 -1.40887 -302.342
35.2002 -1.42093 -288.857
35.2002 -1.42084 -288.857
35.2002 -1.42076 -288.857
35.2002 -1.4207 -288.857
35.2003 -1.42065 -288.857
35.2003 -1.42061 -288.857
35.2003 -1.42058 -288.857
35.2003 -1.42055 -288.857
35.2003 -1.42053 -288.857
35.2003 -1.42052 -288.857
35.2003 -1.4205 -288.857
35.2003 -1.42049 -288.857
35.2003 -1.42048 -288.857
35.2003 -1.42047 -288.857
35.2003 -1.42047 -288.857
-3.36558 -1.40083 -301.474
-3.36556 -1.40083 -301.474
-3.36555 -1.40083 -301.474
-3.36553 -1.40083 -301.474
-3.36552 -1.40083 -301.474
-3.3655 -1.40083 -301.474
-3.36549 -1.40083 -301.474
-3.36547 -1.40083 -301.474
-3.36546 -1.40083 -301.474
-3.36544 -1.40083 -301.474
-3.36543 -1.40083 -301.474
-3.36541 -1.40083 -301.474
-3.3654 -1.40083 -301.474
-3.36538 -1.40083 -301.474
-3.36537 -1.40083 -301.474
-3.36535 -1.40083 -301.474
-3.36534 -1.40083 -301.474
-3.36532 -1.40083 -301.474
-3.36531 -1.40083 -301.474
-55.6026 -1.28034 -308.833
-55.6026 -1.28036 -308.833
-55.6026 -1.28038 -308.833
-55.6026 -1.2804 -308.833
-55.6026 -1.28041 -308.833
-55.6026 -1.28043 -308.833
-55.6026 -1.28043 -308.833
-55.6026 -1.28044 -308.833
-55.6026 -1.28045 -308.833
-55.6026 -1.28045 -308.833
-55.6026 -1.28046 -308.833
-55.6026 -1.28046 -308.833
-55.6026 -1.28046 -308.833
-55.6026 -1.28047 -308.833
-55.6026 -1.28047 -308.833
-55.6026 -1.28047 -308.833
-55.6026 -1.28047 -308.833
-93.9179 -1.25338 -295.01
-93.918 -1.25339 -295.01
-93.9181 -1.25339 -295.01
-93.9181 -1.25339 -295.01
-93.9182 -1.2534 -295.01
-93.9182 -1.2534 -295.01
-93.9182 -1.2534 -295.01
-93.9182 -1.2534 -295.01
-93.9183 -1.25341 -295.01
-93.9183 -1.25341 -295.01
-93.9183 -1.25341 -295.01
-93.9183 -1.25341 -295.01
-93.9184 -1.25063 -295.01
-93.9184 -1.25115 -295.01
-93.9184 -1.25157 -295.01
-93.9184 -1.25191 -295.01
-93.9184 -1.25219 -295.01
-93.9185 -1.25242 -295.01
-93.9185 -1.2526 -295.01
-93.9185 -1.25275 -295.01
-93.9185 -1.25288 -295.011
-125.155 -1.34967 -281.236
-125.155 -1.34963 -281.236
-125.155 -1.34955 -281.236
-125.155 -1.34955 -281.236
-125.155 -1.34675 -281.236
-125.155 -1.34726 -281.236
-125.155 -1.34767 -281.236
-125.155 -1.34868 -281.236
-125.155 -1.34868 -281.236
-125.156 -1.34621 -281.236
-125.156 -1.34681 -281.236
-125.156 -1.34731 -281.236
-125.156 -1.34772 -281.236
-125.156 -1.34804 -281.237
-125.156 -1.34831 -281.237
-125.156 -1.34853 -281.237
-125.156 -1.34871 -281.237
-125.156 -1.34886 -281.237
-160.714 -1.42764 -283.019
-160.713 -1.42752 -283.018
-160.713 -1.42743 -283.018
-160.713 -1.42735 -283.018
-160.713 -1.42729 -283.018
-160.713 -1.42724 -283.018
-160.713 -1.4272 -283.018
-160.713 -1.42717 -283.019
-160.713 -1.42714 -283.019
-160.713 -1.42712 -283.019
-160.713 -1.4271 -283.019
-160.713 -1.42709 -283.019
-160.713 -1.42708 -283.019
-160.713 -1.42707 -283.019
-225.584 -1.3437 -330.782
-225.585 -1.34397 -330.783
-225.585 -1.34418 -330.783
-225.585 -1.34436 -330.783
-225.585 -1.34451 -330.783
-225.585 -1.34463 -330.783
-225.585 -1.34491 -330.783
-225.585 -1.34491 -330.783
-225.585 -1.34222 -330.783
-225.585 -1.34276 -330.783
-225.584 -1.34541 -330.783
-225.584 -1.34541 -330.783
-275.098 -1.23055 -341.318
-275.098 -1.23086 -341.318
-275.098 -1.23163 -341.318
-275.098 -1.23174 -341.318
-275.098 -1.23174 -341.318
-275.098 -1.22397 -341.318
-275.098 -1.2255 -341.318
-275.098 -1.22675 -341.318
-275.098 -1.22777 -341.318
-275.098 -1.2286 -341.318
-275.098 -1.22927 -341.318
-275.098 -1.22982 -341.318
-275.098 -1.23027 -341.318
-303.61 -1.23696 -314.801
-303.61 -1.23718 -314.8
-303.61 -1.23736 -314.8
-303.61 -1.23751 -314.8
-303.61 -1.23763 -314.8
-303.61 -1.23772 -314.8
-303.61 -1.23796 -314.8
-303.61 -1.238 -314.8
-303.61 -1.23803 -314.8
-303.61 -1.23805 -314.8
-303.61 -1.23807 -314.8
-303.61 -1.23809 -314.8
-303.61 -1.2381 -314.8
-272.498 -1.27159 -277.81
-272.498 -1.27159 -277.81
-272.498 -1.27159 -277.81
-272.498 -1.27159 -277.81
-272.498 -1.27159 -277.81
-272.498 -1.27159 -277.81
-272.498 -1.27159 -277.81
-272.498 -1.27159 -277.81
-272.498 -1.27159 -277.81
-272.498 -1.27159 -277.81
-272.498 -1.27159 -277.81
-272.498 -1.27159 -277.81
-272.498 -1.27159 -277.81
-272.498 -1.27159 -277.81
-216.012 -1.39003 -218.122
-216.012 -1.39003 -218.122
-216.012 -1.39002 -218.122
-216.012 -1.39002 -218.122
-216.012 -1.39002 -218.122
-216.012 -1.39002 -218.122
-216.012 -1.39002 -218.122
-216.012 -1.39001 -218.122
-216.012 -1.39001 -218.122
-216.012 -1.39001 -218.122
-216.013 -1.39001 -218.122
-206.546 -1.49476 -184.649
-206.546 -1.49476 -184.649
-206.546 -1.49476 -184.649
-206.546 -1.49476 -184.649
-206.546 -1.49476 -184.649
-206.546 -1.49476 -184.649
-206.546 -1.49476 -184.649
-206.546 -1.49476 -184.649
-206.546 -1.49476 -184.649
-206.546 -1.49476 -184.648
-206.546 -1.49476 -184.648
-206.546 -1.49477 -184.648
-206.546 -1.49477 -184.648
-206.546 -1.49477 -184.648
-206.547 -1.49477 -184.648
-206.547 -1.49477 -184.648
-206.547 -1.49477 -184.648
-206.547 -1.49477 -184.648
-226.137 -1.39697 -138.877
-226.137 -1.397 -138.877
-226.137 -1.39702 -138.877
-226.137 -1.39704 -138.877
-226.137 -1.39706 -138.877
-226.137 -1.39707 -138.877
-226.137 -1.39708 -138.877
-226.137 -1.39709 -138.877
-226.137 -1.3971 -138.877
-226.137 -1.3971 -138.877
-226.137 -1.39711 -138.877
-226.137 -1.39711 -138.877
-226.137 -1.39712 -138.877
-226.137 -1.39712 -138.877
-267.628 -0.106809 -136.352
-267.628 -0.108105 -136.356
-267.629 -0.10975 -136.359
-267.629 -0.111632 -136.362
-267.629 -0.113677 -136.364
-267.629 -0.115835 -136.365
-267.629 -0.118069 -136.367
-267.628 -0.120357 -136.368
-267.628 -0.122681 -136.369
-267.628 -0.125029 -136.371
-267.628 -0.127396 -136.372
-267.627 -0.129776 -136.373
-267.627 -0.132163 -136.374
-267.627 -0.134558 -136.375
-267.627 -0.136956 -136.376
-267.626 -0.139358 -136.377
-267.626 -0.141763 -136.378
-267.626 -0.14417 -136.379
-267.625 -0.146579 -136.38
-267.625 -0.14899 -136.381
-267.625 -0.151401 -136.382
-267.624 -0.153814 -136.383
-267.624 -0.156228 -136.383
-267.624 -0.158644 -136.384
-267.623 -0.16106 -136.385
-267.623 -0.163477 -136.386
-316.542 -1.30129 -166.386
-316.542 -1.30129 -166.386
-316.542 -1.30129 -166.386
-316.542 -1.30129 -166.387
-316.542 -1.30129 -166.387
-316.542 -1.30129 -166.387
-316.542 -1.30129 -166.387
-316.542 -1.30129 -166.387
-316.542 -1.3013 -166.387
-316.541 -1.3013 -166.387
-316.541 -1.3013 -166.387
-316.541 -1.3013 -166.387
-316.541 -1.3013 -166.387
-316.541 -1.3013 -166.387
-316.541 -1.3013 -166.387
-365.148 -1.26524 -196.837
-365.148 -1.2652 -196.837
-365.148 -1.26518 -196.837
-365.148 -1.26516 -196.837
-365.148 -1.26514 -196.837
-365.148 -1.26513 -196.837
-365.148 -1.26512 -196.837
-365.148 -1.26511 -196.837
-365.148 -1.2651 -196.837
-365.148 -1.2651 -196.837
-365.148 -1.26509 -196.837
-365.148 -1.26509 -196.837
-365.148 -1.26509 -196.837
-414.582 -1.25648 -192.926
-414.582 -1.25664 -192.926
-414.582 -1.25677 -192.926
-414.582 -1.25688 -192.926
-414.582 -1.25714 -192.926
-414.582 -1.25714 -192.926
-414.582 -1.25445 -192.926
-414.582 -1.25498 -192.926
-414.582 -1.25542 -192.926
-414.582 -1.25578 -192.926
-414.582 -1.25607 -192.926
-414.582 -1.25631 -192.926
-414.582 -1.25651 -192.926
-414.582 -1.25666 -192.926
-414.582 -1.25679 -192.926
-414.582 -1.2569 -192.927
-414.582 -1.25698 -192.927
-414.582 -1.25705 -192.927
-414.582 -1.25711 -192.927
-414.582 -1.25716 -192.927
-414.582 -1.2572 -192.927
-414.582 -1.25723 -192.927
-445.759 -1.27009 -166.113
-445.759 -1.27006 -166.113
-445.759 -1.27004 -166.113
-445.759 -1.27002 -166.113
-445.759 -1.27001 -166.113
-445.759 -1.26999 -166.113
-445.759 -1.26998 -166.113
-445.759 -1.26998 -166.113
-445.759 -1.26997 -166.113
-445.759 -1.26996 -166.113
-445.759 -1.26996 -166.113
-445.759 -1.26996 -166.113
-445.759 -1.26995 -166.113
-421.208 -1.2649 -131.601
-421.208 -1.2649 -131.601
-421.208 -1.2649 -131.601
-421.208 -1.2649 -131.601
-421.208 -1.2649 -131.601
-421.208 -1.26491 -131.601
-421.208 -1.26491 -131.601
-421.208 -1.26491 -131.601
-421.208 -1.26491 -131.601
-421.208 -1.26491 -131.601
-421.208 -1.26491 -131.601
-421.208 -1.26491 -131.601
-421.208 -1.26491 -131.601
-370.89 -1.46708 -79.4894
-370.891 -1.46659 -79.4896
-370.891 -1.4662 -79.4897
-370.891 -1.46588 -79.4897
-370.891 -1.46561 -79.4897
-370.891 -1.4654 -79.4897
-370.891 -1.46522 -79.4897
-370.891 -1.46508 -79.4896
-370.891 -1.46439 -79.4895
-370.891 -1.4644 -79.4894
-370.891 -1.46441 -79.4894
-370.891 -1.46442 -79.4894
-370.891 -1.46443 -79.4894
-370.891 -1.46444 -79.4893
-370.891 -1.46444 -79.4893
-370.892 -1.46445 -79.4893
-370.892 -1.46445 -79.4893
-335.119 -1.34043 -2.58038
-335.119 -1.34035 -2.58045
-335.119 -1.34029 -2.58049
-335.119 -1.34024 -2.5805
-335.119 -1.3402 -2.58051
-335.119 -1.34017 -2.58051
-335.119 -1.34014 -2.58051
-335.119 -1.34012 -2.5805
-335.119 -1.3401 -2.5805
-335.119 -1.34008 -2.5805
-335.119 -1.34007 -2.58049
-335.119 -1.34006 -2.58049
-335.119 -1.34006 -2.58048
-335.119 -1.34005 -2.58048
-335.119 -1.34005 -2.58048
-335.119 -1.34004 -2.58047
-335.119 -1.34004 -2.58047
-335.119 -1.34004 -2.58046
-335.119 -1.34003 -2.58046











**PATH_INFORMATION ------------------------------------------------

NUM_WAYPOINTS			59
-242.577 26.1397 39.0468
-287.053 6.98012 208.636
-287.362 1.93858 285.85
-261.569 2.37254 343.439
-211.246 6.88371 388.967
-106.463 15.5821 425.549
-45.6992 18.02 415.75
-4.14997 14.7422 370.627
8.69927 7.72511 304.917
-15.9815 -0.79441 237.617
-91.8305 3.11489 118.117
-95.8364 1.64994 92.0599
-84.7378 2.38378 37.2343
-17.7954 10.4153 -34.8647
48.4508 16.5416 -56.8622
104.965 16.2583 -47.439
113.078 6.47143 -0.146076
53.9521 7.39873 123.967
44.2814 18.3729 183.498
103.664 25.6071 200.192
155.64 16.8795 168.862
250.973 6.82556 107.424
304.375 19.8358 95.5722
336.373 29.14 132.853
377.878 29.1372 195.95
424.951 18.029 221.049
475.751 27.3213 195.956
504.397 36.8211 138.978
530.833 34.8091 46.6524

541.631 12.5876 -62.5828
519.281 -6.10891 -136.066
469.811 -16.7472 -191.803
390.457 3.82331 -169.058

336.353 18.4184 -257.716
332.693 27.0956 -349.497
226.212 24.5079 -368.079
157.164 1.57293 -282.025

57.3866 0.674631 -300.308
11.5243 1.75372 -302.933
-33.5931 1.28934 -276.26
-71.614 5.41464 -285.094
-99.2147 10.6234 -319.293
-133.266 15.7226 -362.129
-177.857 19.21 -365.429
-213.844 19.3013 -339.485
-237.08 18.8028 -286.96
-210.851 20.4273 -255.409
-162.964 19.7226 -239.164
-113.697 19.3484 -209.112
-96.0486 17.3113 -163.286
-121.269 15.5732 -124.733
-169.685 17.5356 -114.759
-226.506 27.2315 -141.024
-250.956 32.851 -174.754
-301.93 46.269 -166.532
-322.99 52.8055 -135.182
-307.427 51.4368 -87.5003
-257.097 39.0826 -46.4841
-246.576 32.4223 -4.92438





FIRST LEFT PATH
541.631 12.5876 -62.5828
519.281 -6.10891 -136.066
469.811 -16.7472 -191.803
390.457 3.82331 -169.058

FIRST RIGHT PATH
500.973 11.4431 -46.8052
451.863 5.39442 -80.1994
382.267 6.68003 -2.39143
331.298 3.58223 -65.4781

SECOND LEFT PATH
336.353 18.4184 -257.716
332.693 27.0956 -349.497
226.212 24.5079 -368.079
157.164 1.57293 -282.025

SECOND RIGHT PATH
152.385 9.40122 -150.151
129.415 4.2786 -171.826
112.826 1.56816 -209.921
97.2493 1.36151 -243.488