530
577
608
624
639
655
671
686
733
764
780
795
811
827
842
858
873
889
905
920
936
951
983
998
1014
1029
1045
1061
1076
1092
1107
1123
1139
1154
1170
1201
1217
1232
1263
1279
1295
1310
1326
1341
1357
1373
1388
1404
1435
1435
1466
1482
1497
1513
1529
1544
1560
1591
1607
1607
1622
1653
1685
1700
1731
1747
1778
1794
1809
1825
1841
1856
1872
1887
1903
1919
1934
1965
1981
1997
2012
2028
2043
2059
2075
2090
2106
2137
2153
2168
2184
2231
2246
2262
2277
2293
2309
2324
2340
2355
2371
2387
2402
2433
2449
2465
2480
2496
2511
2527
2543
2558
2574
2589
2621
2636
2652
2652
2683
2699
2730
2745
2761
2792
2808
2808
2823
2839
2855
2886
2901
2917
2933
2948
2964
2979
2995
3011
15
31
46
62
78
93
109
140
156
187
218
249
265
280
296
312
327
343
358
374
405
421
436
452
483
499
514
530
561
577
592
608
639
655
670
686
702
717
733
795
811
826
842
873
889
904
920
936
951
967
982
998
1014
1029
1045
1060
1076
1092
1107
1138
1154
1170
1201
1216
1232
1248
1263
1294
1310
1326
1326
1341
1357
1388
1404
1419
1435
1450
1466
1482
1497
1513
15
31
47
62
78
109
125
140
156
187
218
234
265
296
312
327
343
359
374
390
405
421
437
452
468
483
499
515
530
546
561
577
608
624
639
655
671
686
702
733
764
780
795
811
827
842
858
873
889
905
920
936
951
967
983
998
1014
1029
1045
1076
1092
1107
1123
1139
1170
1185
1217
1263
1279
1310
1326
1341
1357
1373
1388
1404
1419
1435
1451
1466
1482
1513
16
31
31
62
78
94
109
125
140
156
172
203
218
218
250
265
296
312
328
359
374
390
406
421
437
452
468
484
530
546
562
577
593
608
624
640
655
671
686
718
733
749
749
780
796
811
827
842
858
874
905
920
936
952
983
983
1014
1030
1061
1076
1092
1108
1123
1139
1154
1170
1186
1201
1217
1232
1264
1279
1295
1310
1326
1342
1357
1373
1388
1404
1498
1513
